[?25l[0m          [38;2;180;179;179m▄[38;2;194;192;192;48;2;44;44;44m▄[0m      [38;2;186;185;185;48;2;42;42;42m▄[0m[38;2;184;183;183m▄[38;2;12;12;12m▄[0m         [0m
        [38;2;82;81;81m▄[38;2;246;244;244;48;2;161;159;159m▄[38;2;247;244;244;48;2;247;244;244m▄[38;2;77;76;76;48;2;141;140;140m▄[0m      [38;2;69;68;68;48;2;134;133;133m▄[38;2;247;244;244;48;2;247;244;244m▄[48;2;168;166;166m▄[0m[38;2;89;89;89m▄[0m        [0m
       [38;2;110;109;109;48;2;12;12;12m▄[38;2;246;243;243;48;2;221;219;219m▄[38;2;240;236;236;48;2;246;243;243m▄[38;2;246;244;244;48;2;248;245;245m▄[38;2;11;11;11;48;2;32;32;32m▄[0m      [38;2;9;9;9;48;2;25;25;25m▄[38;2;242;240;240;48;2;248;245;245m▄[38;2;241;236;236;48;2;246;243;243m▄[38;2;246;242;242;48;2;225;223;223m▄[38;2;116;115;115;48;2;14;14;14m▄[0m       [0m
      [38;2;80;80;80;48;2;5;5;5m▄[38;2;244;240;240;48;2;219;217;217m▄[38;2;237;230;231;48;2;240;235;235m▄[38;2;238;233;233;48;2;239;234;234m▄[38;2;244;241;241;48;2;240;237;237m▄[38;2;9;9;9;48;2;7;7;7m▄[0m      [38;2;6;6;6;48;2;4;4;4m▄[38;2;239;237;237;48;2;235;233;233m▄[38;2;238;233;233;48;2;239;234;234m▄[38;2;237;231;231;48;2;240;235;235m▄[38;2;243;240;240;48;2;225;223;223m▄[38;2;87;87;87;48;2;8;8;8m▄[0m      [0m
     [38;2;15;15;15m▄[38;2;241;238;238;48;2;172;171;171m▄[38;2;230;222;223;48;2;237;232;232m▄[38;2;232;225;226;48;2;235;228;229m▄[38;2;234;227;228;48;2;236;230;230m▄[38;2;245;242;242;48;2;246;244;244m▄[38;2;85;85;85;48;2;31;31;31m▄[0m      [38;2;78;77;77;48;2;24;24;24m▄[38;2;246;242;243;48;2;247;245;245m▄[38;2;234;227;228;48;2;236;230;231m▄[38;2;232;225;226;48;2;235;228;229m▄[38;2;230;222;223;48;2;237;232;232m▄[38;2;243;240;240;48;2;179;178;178m▄[0m[38;2;19;19;19m▄[0m     [0m
     [38;2;115;114;114;48;2;65;65;65m▄[38;2;235;228;229;48;2;241;237;237m▄[38;2;225;215;216;48;2;227;218;219m▄[38;2;226;217;218;48;2;229;221;222m▄[38;2;228;219;220;48;2;230;223;224m▄[38;2;238;232;233;48;2;243;238;238m▄[38;2;245;242;242;48;2;174;173;173m▄[0m[38;2;54;54;54m▄[0m    [38;2;55;55;55m▄[38;2;245;242;242;48;2;169;168;168m▄[38;2;238;233;233;48;2;243;239;239m▄[38;2;227;218;220;48;2;231;223;224m▄[38;2;226;217;218;48;2;229;221;221m▄[38;2;225;215;216;48;2;227;218;219m▄[38;2;234;227;228;48;2;241;236;236m▄[38;2;122;121;121;48;2;71;70;70m▄[0m     [0m
     [38;2;189;188;188;48;2;159;158;158m▄[38;2;227;218;219;48;2;230;222;223m▄[38;2;222;211;212;48;2;223;213;214m▄[38;2;222;212;214;48;2;224;214;215m▄[38;2;223;213;214;48;2;225;215;216m▄[38;2;223;213;215;48;2;229;221;222m▄[38;2;240;235;235;48;2;247;244;244m▄[38;2;247;244;244;48;2;212;210;210m▄[38;2;234;232;232;48;2;27;27;27m▄[0m[38;2;159;158;158m▄[38;2;156;155;155m▄[38;2;230;228;228;48;2;26;26;26m▄[38;2;247;244;244;48;2;215;213;213m▄[38;2;241;237;237;48;2;247;244;244m▄[38;2;223;213;215;48;2;230;222;223m▄[38;2;223;212;214;48;2;225;216;217m▄[38;2;222;212;213;48;2;224;214;216m▄[38;2;222;211;212;48;2;223;213;214m▄[38;2;226;217;217;48;2;229;221;222m▄[38;2;197;195;195;48;2;167;165;165m▄[0m     [0m
     [38;2;199;197;197;48;2;199;197;197m▄[38;2;224;215;216;48;2;225;216;217m▄[38;2;221;210;211;48;2;221;211;212m▄[48;2;222;211;212m▄[38;2;221;211;212m▄▄[38;2;222;211;212;48;2;226;216;217m▄[38;2;226;217;217;48;2;246;242;242m▄[38;2;242;237;237;48;2;247;244;244m▄[38;2;247;244;244m▄▄[38;2;243;240;240m▄[38;2;227;218;219;48;2;246;243;243m▄[38;2;221;211;212;48;2;226;217;218m▄[48;2;222;211;213m▄[38;2;221;210;212;48;2;222;211;212m▄[38;2;221;210;211m▄▄[38;2;224;213;214;48;2;224;214;215m▄[38;2;207;205;205;48;2;206;204;204m▄[0m     [0m
     [38;2;173;172;172;48;2;192;191;191m▄[38;2;227;218;219;48;2;225;215;216m▄[38;2;221;210;211;48;2;221;210;211m▄▄▄▄▄▄▄[48;2;223;213;214m▄▄[48;2;221;210;211m▄▄▄▄▄▄▄[38;2;227;217;218;48;2;224;214;215m▄[38;2;181;180;180;48;2;199;197;197m▄[0m     [0m
     [38;2;102;101;101;48;2;144;143;143m▄[38;2;234;228;228;48;2;230;222;223m▄[38;2;221;210;211;48;2;221;210;211m▄▄▄▄▄▄▄▄▄▄▄▄▄▄▄▄[38;2;233;227;227;48;2;230;221;222m▄[38;2;110;109;109;48;2;151;150;150m▄[0m     [0m
     [7m[38;2;42;42;42m▄[0m[38;2;212;210;210;48;2;240;235;236m▄[38;2;221;211;212;48;2;221;210;211m▄[38;2;9;9;9;48;2;160;153;154m▄[38;2;0;0;0;48;2;96;92;92m▄[48;2;150;144;144m▄[38;2;72;70;70;48;2;221;210;212m▄[38;2;217;207;208;48;2;221;210;211m▄[38;2;221;210;211m▄▄▄▄[38;2;215;205;207m▄[38;2;64;62;62;48;2;220;210;211m▄[38;2;0;0;0;48;2;144;137;138m▄[48;2;96;92;92m▄[38;2;21;20;20;48;2;166;160;160m▄[38;2;223;213;214;48;2;221;210;211m▄[38;2;217;215;215;48;2;239;234;234m▄[38;2;3;3;3;48;2;49;49;49m▄[0m     [0m
      [38;2;19;19;19;48;2;122;121;121m▄[38;2;228;224;225;48;2;229;222;222m▄[38;2;41;39;39;48;2;3;3;3m▄[38;2;0;0;0;48;2;0;0;0m▄▄▄[38;2;9;9;9;48;2;110;107;107m▄[38;2;208;199;200;48;2;221;210;211m▄[38;2;221;210;211m▄▄[38;2;200;192;192m▄[38;2;4;4;4;48;2;96;93;94m▄[38;2;0;0;0;48;2;0;0;0m▄▄▄[38;2;54;53;53;48;2;13;12;13m▄[38;2;229;225;226;48;2;231;224;225m▄[38;2;25;25;25;48;2;129;128;128m▄[0m      [0m
       [7m[38;2;94;93;93m▄[0m[38;2;138;138;138;48;2;125;124;124m▄[38;2;20;20;20;48;2;0;0;0m▄[38;2;0;0;0m▄▄▄[38;2;134;129;129;48;2;153;147;148m▄[38;2;221;210;211;48;2;221;210;211m▄▄[38;2;124;118;118;48;2;141;135;136m▄[38;2;0;0;0;48;2;0;0;0m▄▄▄[38;2;28;28;28m▄[38;2;152;152;152;48;2;140;138;138m▄[0m[7m[38;2;101;100;100m▄[0m       [0m
         [7m[38;2;92;92;92m▄[0m[38;2;92;92;92;48;2;21;21;21m▄[38;2;156;154;154;48;2;0;0;0m▄[38;2;171;165;165m▄[38;2;221;211;211;48;2;166;159;160m▄[38;2;221;210;211;48;2;221;210;211m▄▄[38;2;221;211;212;48;2;153;147;148m▄[38;2;167;160;161;48;2;0;0;0m▄[38;2;160;158;158m▄[38;2;99;99;99;48;2;27;27;27m▄[0m[7m[38;2;109;109;109m▄[38;2;7;7;7m▄[0m        [0m
           [7m[38;2;24;24;24m▄[38;2;132;131;131m▄[38;2;205;200;201m▄[0m[38;2;12;12;12;48;2;227;220;221m▄[38;2;14;14;14;48;2;228;221;222m▄[0m[7m[38;2;207;202;203m▄[38;2;134;133;133m▄[38;2;27;27;27m▄[0m           [0m
[?25h